172
2 251 299
2 226 53
2 218 182
2 445 199
2 442 62
2 300 405
2 50 335
2 21 110
2 283 454
2 468 69
2 329 320
2 41 57
2 415 26
2 407 353
2 366 279
2 488 386
2 60 73
2 35 27
2 144 479
2 458 392
2 345 408
2 467 132
2 47 10
2 112 293
2 231 421
2 380 281
2 49 148
2 464 157
2 30 34
2 131 229
2 12 404
2 15 95
2 181 452
2 1 346
2 94 89
2 219 495
2 483 38
2 265 109
2 315 78
2 255 223
2 190 145
2 453 70
2 360 140
2 282 33
2 150 23
2 372 487
2 498 167
2 45 314
2 71 200
2 362 65
2 88 76
2 22 235
2 122 394
2 431 143
2 439 193
2 297 390
2 117 417
2 284 208
2 494 5
2 424 365
2 174 322
2 103 381
2 357 14
2 317 309
3 86 337 92
3 162 75 413
3 474 84 338
3 63 242 492
3 104 240 108
3 247 197 333
3 341 241 396
3 96 59 355
3 263 301 178
3 288 238 24
3 384 93 496
3 184 260 211
3 90 39 205
3 313 306 257
3 77 312 87
3 268 81 274
3 382 466 195
3 364 465 246
3 125 222 61
3 361 158 172
3 137 287 447
3 48 397 426
3 378 456 449
3 7 455 180
3 215 290 347
3 349 264 161
3 308 170 138
3 83 267 31
3 318 336 169
3 395 303 286
3 379 271 307
3 446 311 234
3 278 173 58
3 214 127 486
3 187 4 350
3 388 358 256
3 54 340 374
3 399 352 212
3 419 19 151
3 116 216 120
3 237 196 25
3 363 97 100
3 324 330 236
3 136 186 298
3 227 432 239
3 478 470 130
3 17 359 433
3 55 52 29
3 477 373 252
3 266 427 220
3 325 191 102
3 302 434 383
3 245 159 121
3 410 82 156
3 119 304 133
3 351 0 334
3 403 128 107
3 289 146 273
3 420 91 321
3 6 391 376
4 16 18 429 461
4 370 253 463 44
4 56 129 451 326
4 203 269 126 9
4 441 354 243 484
4 123 401 207 261
4 228 319 491 233
4 177 66 221 155
4 149 192 188 418
4 443 32 385 118
4 480 8 323 114
4 331 489 469 142
4 476 280 168 258
4 20 160 232 99
4 295 135 171 152
4 344 198 230 437
4 213 217 204 327
4 163 422 296 472
4 225 423 460 179
4 210 412 206 375
4 275 377 277 387
4 411 409 64 428
4 164 490 183 343
4 414 276 202 482
4 51 201 389 113
4 450 36 430 106
4 85 115 11 40
4 72 291 43 67
4 28 402 292 497
4 368 147 79 3
4 248 485 166 371
4 448 471 438 124
4 270 42 305 154
4 68 262 105 101
4 493 400 342 348
4 473 332 294 435
4 499 185 175 254
4 153 425 2 475
4 244 259 406 356
4 272 436 194 440
4 398 176 250 134
4 285 111 141 339
4 165 98 13 310
4 209 224 80 139
4 37 367 481 316
4 444 369 457 189
4 74 328 46 459
4 416 249 393 462
