1628
2 998 3975
2 4574 3902
2 4009 6843
2 7262 1339
2 4671 3859
2 8811 8123
2 7599 1242
2 3784 6493
2 2407 5840
2 8334 676
2 4782 9457
2 2360 6305
2 260 4525
2 8063 4640
2 4747 2044
2 7421 8696
2 8744 1948
2 9392 9088
2 6035 8705
2 2725 9567
2 9972 4731
2 495 5018
2 2667 726
2 6898 7035
2 6200 6556
2 7312 4959
2 6644 1984
2 9538 2278
2 9296 132
2 3143 5662
2 6864 192
2 2551 3077
2 577 5094
2 5054 1158
2 9139 7929
2 3531 4452
2 1374 3831
2 5783 7464
2 9473 4280
2 3726 5095
2 1686 3966
2 4351 7021
2 6832 1300
2 9880 1143
2 8354 9927
2 6689 2185
2 2496 4162
2 1651 1610
2 5284 6197
2 888 7220
2 6638 4940
2 7817 5083
2 8492 7739
2 4681 967
2 7699 2648
2 1161 1663
2 2593 3877
2 4514 214
2 6595 4129
2 7151 2450
2 8017 4361
2 6856 3242
2 7426 4191
2 6411 9977
2 8625 1769
2 7544 3497
2 1665 5724
2 2092 2320
2 3254 8077
2 7195 6786
2 2695 4355
2 5021 5150
2 7733 9477
2 2381 3450
2 728 8418
2 308 3223
2 1796 3320
2 1259 5756
2 8161 5391
2 9078 511
2 392 6532
2 1131 2030
2 8574 7001
2 2931 8130
2 9208 3190
2 3955 6262
2 8870 4765
2 271 3993
2 4365 2461
2 3053 5298
2 8202 619
2 7171 5267
2 5116 7453
2 5319 5946
2 9234 6270
2 2620 4470
2 1082 4052
2 8632 5893
2 3195 421
2 5168 124
2 4901 4806
2 5984 4496
2 6329 559
2 3622 8370
2 9467 8722
2 2414 9750
2 9945 3739
2 7828 874
2 4979 9998
2 2477 7254
2 5600 9203
2 8366 5362
2 9742 1361
2 9856 3278
2 6112 7052
2 6020 8187
2 9813 5956
2 3287 2332
2 6123 8075
2 5494 5796
2 5728 6492
2 3306 1358
2 6216 3091
2 5825 7658
2 8639 6597
2 1962 7521
2 3564 7612
2 3759 943
2 1037 5416
2 4328 4247
2 8287 4900
2 4888 2989
2 7536 3717
2 6129 2668
2 1774 3008
2 9692 3785
2 7173 6242
2 7371 2781
2 3474 9080
2 6189 532
2 3719 5332
2 3404 7036
2 6599 4293
2 3852 1629
2 6264 1007
2 5687 6077
2 6359 5771
2 5821 9930
2 9183 5490
2 2866 2685
2 6205 3292
2 3309 9028
2 7671 8690
2 2994 2800
2 9649 7881
2 2276 3453
2 2865 8707
2 8820 815
2 8838 7900
2 3798 2455
2 4269 3923
2 5003 8250
2 2945 3997
2 239 4777
2 5538 8998
2 975 8244
2 7821 9547
2 8788 1466
2 2250 1615
2 911 6979
2 791 9282
2 6560 6223
2 651 3414
2 9077 4246
2 283 9962
2 9240 7703
2 3791 1897
2 1316 4342
2 2925 4309
2 2722 4135
2 4939 3501
2 7008 6933
2 2645 5925
2 1990 2962
2 1558 4138
2 408 4229
2 1371 5301
2 9011 154
2 6833 8806
2 3827 4682
2 2886 4617
2 8891 5555
2 7437 9773
2 3003 492
2 5184 9941
2 3633 7000
2 1221 4643
2 7842 8428
2 3156 5474
2 9624 5131
2 3979 6251
2 4260 7293
2 2597 8132
2 4343 8470
2 6344 9431
2 8451 3813
2 3259 3885
2 1547 5080
2 4850 7762
2 1238 6656
2 6266 560
2 8784 675
2 5650 7169
2 7123 3025
2 674 2649
2 9982 1435
2 3648 2287
2 1994 3486
2 5888 62
2 2437 3666
2 3034 7515
2 5633 2601
2 281 2155
2 7941 839
2 1188 1074
2 8441 7332
2 9969 803
2 1395 2240
2 8517 9419
2 647 925
2 809 2469
2 4903 5709
2 2786 997
2 3857 6555
2 3269 9784
2 8916 7463
2 3149 7714
2 3698 1806
2 8416 6293
2 5271 3786
2 2798 2642
2 8364 1826
2 7653 2863
2 8188 8968
2 1788 2973
2 298 8963
2 5702 3882
2 9423 3941
2 2102 7706
2 5602 8543
2 3845 9537
2 3584 8267
2 6408 7241
2 6050 8532
2 1831 7939
2 7681 8503
2 9003 9571
2 8762 393
2 9829 9271
2 6561 4303
2 1543 5747
2 6249 248
2 1869 4256
2 5313 7925
2 713 5535
2 1336 8135
2 5913 7117
2 1016 3304
2 9981 246
2 3239 6675
2 6340 5125
2 4117 6708
2 7591 440
2 6022 4041
2 6300 8834
2 3992 8348
2 1428 4449
2 7398 6783
2 3238 6155
2 1660 1235
2 3970 4988
2 261 4698
2 2438 848
2 4480 7668
2 3841 1504
2 2568 9956
2 269 7737
2 1052 3860
2 1096 9096
2 1700 3421
2 737 880
2 2183 549
2 2464 736
2 9095 8604
2 4891 5011
2 4824 3504
2 167 4207
2 3328 4170
2 4729 5914
2 6379 690
2 9180 5087
2 1343 5179
2 8982 2922
2 1362 3527
2 8407 1419
2 9906 6316
2 8343 9280
2 9244 1953
2 5572 2151
2 7418 5667
2 3360 2178
2 1692 8050
2 8520 8583
2 1595 6429
2 412 6943
2 8739 4788
2 2532 5689
2 4431 115
2 8616 2561
2 9695 1534
2 1921 7389
2 3240 852
2 9084 2971
2 5588 134
2 7137 8225
2 81 8640
2 4726 1043
2 8908 9700
2 3649 2485
2 8093 2761
2 8066 6297
2 1935 2982
2 4116 7178
2 3148 9497
2 1613 8171
2 3568 2136
2 8737 6352
2 8637 6413
2 7201 9322
2 707 4502
2 1200 4515
2 2632 2546
2 3014 1513
2 5550 2963
2 8235 453
2 3544 4137
2 1708 1689
2 3881 819
2 6549 7483
2 9617 3931
2 1391 5601
2 5837 8880
2 2897 6079
2 2518 9939
2 3854 9001
2 4216 3112
2 3332 4885
2 8086 164
2 8501 8269
2 7198 3202
2 9056 8669
2 8221 2508
2 1409 1729
2 5440 9890
2 8635 4759
2 2830 3693
2 5519 8069
2 5077 6187
2 1001 8553
2 7984 4976
2 5039 5053
2 8070 3810
2 2764 8729
2 1059 6563
2 3647 2003
2 1579 325
2 2880 1678
2 566 5197
2 5119 7022
2 3303 2391
2 5025 9970
2 5879 5975
2 9612 2440
2 1786 6664
2 817 894
2 1876 9277
2 5820 8845
2 217 8828
2 3237 7776
2 3946 3755
2 8857 2243
2 9023 5034
2 8835 9641
2 280 7460
2 4707 2877
2 2563 9667
2 23 3406
2 4953 3443
2 4121 7102
2 814 6661
2 5415 861
2 6642 8852
2 3391 2534
2 52 2127
2 594 5048
2 1182 9539
2 1126 99
2 4075 5002
2 5134 8694
2 3529 5678
2 3261 374
2 5947 797
2 2150 3578
2 9 7307
2 9544 1868
2 6432 3402
2 1297 7835
2 3334 7223
2 1203 5290
2 8389 6881
2 2229 1266
2 2976 9308
2 9491 8735
2 4185 2138
2 2073 4386
2 3632 8312
2 8229 3221
2 6386 4611
2 9466 4774
2 1268 6824
2 938 9804
2 9273 4598
2 8057 6564
2 3826 7120
2 3185 3684
2 9556 7686
2 6578 7514
2 8143 5322
2 7611 9602
2 4466 2263
2 3865 9230
2 6876 7218
2 6499 5068
2 6837 7744
2 8799 8109
2 8337 5484
2 7827 5468
2 2818 3362
2 7923 649
2 6044 1421
2 6103 8268
2 5299 251
2 3817 384
2 1313 7393
2 3929 8630
2 3808 8745
2 5805 8007
2 1073 5244
2 5138 4274
2 9149 4127
2 7831 2148
2 9995 3760
2 3348 4136
2 8979 3022
2 5989 1385
2 332 1181
2 3918 7482
2 5838 3456
2 6161 8353
2 4410 1569
2 7522 5210
2 1931 3844
2 3151 1737
2 9863 8881
2 4149 5793
2 7380 7834
2 907 1999
2 522 2609
2 6987 1967
2 2961 2355
2 3517 8185
2 3264 7893
2 4152 1095
2 3065 1340
2 145 9584
2 6210 7944
2 1360 9501
2 5241 7045
2 510 4403
2 4099 7620
2 3875 3327
2 3083 5584
2 1099 3368
2 3774 7034
2 3106 6742
2 7037 8558
2 4784 6649
2 2409 2903
2 8131 3965
2 6875 5919
2 7132 1483
2 4205 4918
2 5456 3705
2 697 951
3 1636 514 317
3 1607 5294 2661
3 8839 2172 764
3 4020 4350 615
3 7954 6475 1667
3 8481 2531 5045
3 5432 5858 7119
3 627 8459 2855
3 8872 9907 1304
3 9992 6007 6780
3 4686 8433 7999
3 4193 7204 4278
3 4061 1812 7452
3 5369 961 7386
3 1031 7345 7024
3 2139 9405 2423
3 9726 2795 1535
3 6086 5606 7003
3 2366 7144 6928
3 7674 3460 6829
3 5682 262 7310
3 2804 5506 6922
3 2282 3794 6693
3 3244 3199 7564
3 9922 1715 497
3 7503 445 9847
3 2899 7197 2452
3 1877 7352 5666
3 9129 6737 2387
3 2824 2313 1174
3 3464 9401 9923
3 5831 4761 5757
3 2011 8242 3646
3 2331 835 662
3 5501 4935 472
3 15 1067 439
3 6069 2489 2678
3 7698 8482 8699
3 2904 2598 2312
3 5937 3440 9741
3 5130 8425 3976
3 9062 3299 2968
3 3989 6765 580
3 8015 7208 6823
3 1258 5716 6625
3 8170 1587 2749
3 682 9799 4595
3 7578 3545 6247
3 3747 732 2801
3 2261 9997 8887
3 9840 1185 7860
3 5410 5446 2328
3 7010 4344 486
3 628 2144 9379
3 8316 799 6838
3 5194 5073 9104
3 1062 1463 7775
3 3776 420 553
3 7205 5801 7928
3 3322 1350 9312
3 446 1207 8909
3 3483 8448 3371
3 7140 3288 9126
3 116 1324 5086
3 2765 7235 1398
3 4543 8248 3107
3 5445 9781 5217
3 5727 6075 7448
3 5897 9371 8325
3 3033 8533 7367
3 3436 2759 784
3 5359 1015 2514
3 7795 643 6292
3 8972 7445 8515
3 6973 3448 9965
3 1550 8621 1366
3 8624 2594 936
3 4607 5235 6974
3 8107 198 1985
3 2182 8571 8821
3 7283 8691 2085
3 1430 2935 6004
3 3076 7812 3635
3 3534 5692 2466
3 2956 8977 3922
3 1208 4196 3736
3 9433 8644 6504
3 6781 4781 3365
3 2019 4081 3892
3 2273 1367 5127
3 1911 6860 3452
3 2083 8047 6098
3 6799 9445 6087
3 8660 6380 7344
3 8000 9384 2790
3 324 1011 8085
3 180 3722 9474
3 3658 6662 447
3 9337 7871 3889
3 235 4639 2014
3 8988 1942 4675
3 3478 6400 9793
3 9521 1520 2369
3 6503 1645 5367
3 525 6076 1908
3 8212 4791 254
3 8903 3166 5626
3 5189 9510 5374
3 9710 4745 5383
3 5066 4716 4345
3 5920 117 6093
3 6623 3279 1653
3 9803 7065 2718
3 4369 9110 7048
3 7573 3081 8453
3 1624 7472 1399
3 5161 5917 4255
3 5625 8387 7234
3 7715 6602 3369
3 8914 9292 6552
3 810 3374 7130
3 8878 1338 1262
3 3575 4827 2792
3 6453 2517 6436
3 4956 8958 3384
3 9259 9075 1614
3 9960 2826 1957
3 4294 4323 4579
3 3172 6906 884
3 8095 8967 128
3 2737 1549 7298
3 4395 2098 4235
3 1734 3925 1320
3 8797 2152 7107
3 4838 5195 3754
3 5303 9728 7916
3 1127 29 9338
3 1530 504 6641
3 5792 8538 8408
3 8152 6291 3677
3 1820 8675 3175
3 6571 9141 5386
3 2343 4714 4660
3 32 4721 3366
3 2951 7693 2396
3 8801 6951 7576
3 6265 9189 42
3 1293 9513 7996
3 5892 25 7159
3 480 8300 9684
3 6006 1640 2277
3 828 1995 7879
3 5261 7780 4069
3 5880 6936 804
3 7709 6672 4296
3 5069 9798 9328
3 2042 2670 900
3 2215 1762 6524
3 8757 712 4790
3 7047 8665 385
3 4000 7502 37
3 7816 4603 9291
3 8527 2829 4951
3 9761 1390 780
3 3416 6153 4292
3 1883 7245 9381
3 2354 2260 9835
3 8504 2029 8391
3 8140 1286 6948
3 5489 3919 9512
3 7291 8742 9041
3 2548 8642 2846
3 1415 516 1375
3 3959 4257 6139
3 9257 4860 6424
3 8917 8115 7056
3 6901 399 2554
3 6063 9810 3123
3 4537 1835 321
3 5859 914 1526
3 7207 2041 4692
3 6963 391 5
3 2129 9996 7938
3 9653 8668 2091
3 4653 4814 8853
3 9081 6172 3098
3 3438 5462 4254
3 5658 1726 9168
3 9727 6547 6083
3 2854 3986 4527
3 3205 974 9713
3 7263 3737 6919
3 7378 6263 8273
3 9121 257 987
3 1186 4494 2675
3 4930 7902 8149
3 7115 3795 7401
3 181 1855 7638
3 9213 6136 5371
3 1168 4131 5404
3 4147 7639 3241
3 2186 7229 210
3 9654 9243 6647
3 4780 7633 2149
3 4750 1560 6855
3 9070 1724 493
3 5530 2655 4393
3 2160 2283 6439
3 9319 5207 2952
3 7032 7539 4572
3 5190 2300 4547
3 3435 7790 247
3 8096 113 5064
3 6208 2616 3641
3 2067 9447 151
3 6252 8101 1400
3 9310 6704 7670
3 357 6406 5824
3 3485 6513 4839
3 1586 6828 8151
3 7419 5491 9333
3 3301 7889 3298
3 6141 4398 78
3 1311 1472 3479
3 2806 9063 4545
3 7360 9068 5088
3 365 5450 4076
3 8333 8689 1104
3 8927 3388 4593
3 8201 2254 9451
3 38 761 6434
3 2239 2204 2627
3 1281 9480 4822
3 9305 1452 5356
3 9176 9801 671
3 1511 9737 165
3 2113 72 9824
3 1004 1097 7836
3 21 1214 8347
3 2755 2623 8765
3 5123 2947 9311
3 4286 7189 6681
3 4225 2918 7042
3 9952 3036 6659
3 1006 5788 8913
3 31 6884 5579
3 8247 717 6728
3 2822 1057 6988
3 6694 5818 7172
3 899 3354 9037
3 4715 1447 13
3 5132 1680 8866
3 8534 818 80
3 9413 6712 6235
3 4732 8388 9229
3 521 7508 8360
3 9228 9990 284
3 8454 7839 2510
3 1190 8293 9188
3 5340 7073 7542
3 1506 9366 1169
3 4028 6397 9387
3 7064 7237 9560
3 2905 1120 7888
3 386 1671 6431
3 3623 8074 6401
3 6489 6317 5549
3 1912 2550 1878
3 2156 7340 5429
3 6052 8764 8554
3 500 591 733
3 5929 7051 4831
3 8618 1794 632
3 1949 1500 5846
3 5395 5673 4776
3 5251 8078 1249
3 1682 9822 4034
3 8087 8457 5969
3 7396 1885 3953
3 3422 3495 1149
3 6176 2774 7646
3 3498 625 6658
3 8671 6220 6511
3 462 8362 7704
3 2664 5991 8808
3 1318 2766 4684
3 3313 6029 4450
3 3386 775 8230
3 2468 4475 2309
3 7604 7952 89
3 2318 3832 2878
3 5411 8263 8601
3 8791 9942 1540
3 6420 4423 2070
3 3701 518 5335
3 8116 4741 7794
3 252 4098 5930
3 7146 4382 139
3 596 3168 2763
3 2063 8812 9646
3 6692 3613 1801
3 2473 5931 3768
3 3838 4492 2809
3 36 263 5587
3 5233 3305 8580
3 9938 9864 4528
3 597 3570 2773
3 9502 3819 9460
3 2537 9896 587
3 2256 149 3626
3 8048 7456 6152
3 4177 3209 7833
3 724 5046 4650
3 6990 1497 8736
3 3907 9436 3644
3 4445 503 5027
3 4103 7242 7740
3 6419 878 1634
3 7007 4268 7286
3 2247 9033 7622
3 4139 7734 5877
3 1727 8741 1225
3 5511 3214 3634
3 8445 9598 6444
3 4008 2420 2894
3 4212 259 2198
3 7687 9876 2965
3 5487 6776 3381
3 8529 1236 7992
3 2785 9024 8804
3 5242 4630 7789
3 962 8760 2710
3 71 5636 7359
3 6095 8129 6529
3 8746 8447 8477
3 3336 8486 2373
3 3252 4795 4622
3 785 9860 9323
3 3700 4894 970
3 4314 1092 9448
3 9908 2031 2425
3 7982 2201 7128
3 6954 4414 4710
3 5258 2476 2308
3 1542 3800 501
3 650 3598 9109
3 4299 9974 9637
3 9590 3196 2948
3 6935 2405 8442
3 4657 5648 199
3 4749 1218 7369
3 347 7769 4010
3 4165 1089 5799
3 1353 8120 5847
3 7129 2051 2602
3 9759 4945 3467
3 1493 424 9289
3 4825 7185 1889
3 1744 9868 1147
3 5732 6164 5398
3 1777 1005 7355
3 9212 624 6806
3 4377 599 5614
3 2507 1309 8936
3 368 9622 4460
3 8713 7630 2950
3 6002 3114 5997
3 699 4188 5023
3 9415 4176 7436
3 6416 5832 5710
3 7751 9069 1551
3 6330 4886 7466
3 1425 2225 1524
3 8032 6754 8211
3 1392 2143 7973
3 98 6000 9697
3 1909 856 179
3 9127 5279 457
3 8037 1754 403
3 2760 644 8104
3 1107 639 7473
3 5348 8825 2906
3 977 6256 766
3 4591 5345 4311
3 833 1396 4120
3 1184 8446 6415
3 800 2862 7600
3 1780 381 7560
3 6601 9432 9156
3 9093 1115 8455
3 7250 4596 8335
3 4315 8323 1571
3 6899 1647 5578
3 1451 135 9027
3 2208 9779 3714
3 6473 4797 4863
3 6211 7529 9320
3 3193 5828 8516
3 4357 4141 8204
3 5056 2474 1019
3 8767 8298 3905
3 1828 7719 8004
3 7909 4118 1173
3 2816 735 2475
3 8022 1246 9994
3 2398 3933 3198
3 28 1134 7746
3 9488 8698 9049
3 4932 876 2000
3 9303 790 872
3 5124 9529 5248
3 834 3729 3345
3 6365 4275 2103
3 3518 2010 231
3 536 2694 7148
3 1408 6219 4724
3 4991 189 6096
3 6995 6115 4374
3 3297 5408 4619
3 1695 8431 7043
3 8889 7748 8505
3 2850 8761 6360
3 5286 1283 7813
3 6131 952 7934
3 1453 1677 9670
3 541 1514 6590
3 2154 4688 1584
3 2015 7033 2193
3 1813 1165 397
3 3770 760 2512
3 4564 988 9558
3 9802 5156 6865
3 6335 9133 8766
3 7883 4178 7619
3 9414 1055 5024
3 7989 9131 7811
3 8996 869 3542
3 5014 5203 5545
3 7257 4378 3355
3 9839 4006 1093
3 9286 2810 9300
3 6207 7644 2295
3 162 7700 8793
3 8749 1431 2979
3 4451 5591 9517
3 4354 2291 4273
3 5346 2490 8411
3 4628 7854 6105
3 7545 6195 5733
3 4305 9674 8740
3 5803 642 4248
3 1698 2629 5129
3 4742 7587 4219
3 1485 3586 3691
3 7428 3476 9725
3 2591 7288 4961
3 449 613 9630
3 6588 4421 3370
3 8024 6934 4544
3 860 7738 7616
3 7427 8402 1803
3 7395 1626 1821
3 523 10 1329
3 9884 3924 7183
3 1260 561 2163
3 1445 3856 102
3 6945 7626 5111
3 70 4488 5544
3 7605 8286 6750
3 4840 3708 7847
3 5855 2213 9575
3 4910 4523 8322
3 9334 5321 5147
3 9250 1090 4754
3 1397 6980 9625
3 9175 1857 1137
3 9613 3201 4624
3 3364 4703 7724
3 9111 4999 1822
3 2841 8826 6508
3 725 8006 8338
3 1490 578 7603
3 7194 3325 4995
3 6261 8895 9039
3 1555 9143 9164
3 9797 7005 3116
3 1518 7931 2459
3 7887 7535 1639
3 5205 4339 6745
3 9197 3117 5492
3 898 1701 7533
3 414 4998 4483
3 8794 2686 5460
3 4128 5020 1799
3 1787 3177 7187
3 5970 9165 1502
3 1693 4767 1508
3 6313 230 708
3 6850 667 7377
3 9233 2236 9627
3 2741 6543 8368
3 2061 1834 4852
3 2484 55 6177
3 5330 4923 5976
3 9724 8775 8842
3 8703 3379 7203
3 2324 910 6332
3 6879 3496 2873
3 6437 59 5112
3 9693 6896 8133
3 9108 8961 2920
3 1499 2964 3490
3 8623 7099 9492
3 6522 8412 4570
3 4855 3637 234
3 6930 2819 6465
3 9636 5797 6253
3 5817 5580 3567
3 3503 691 2758
3 9687 5525 6498
3 5409 2026 7258
3 6844 9645 1717
3 3150 5257 7608
3 1593 7338 5891
3 8841 5787 2093
3 9546 6544 6854
3 5092 9462 9771
3 3062 2587 9976
3 8536 609 742
3 8700 466 4419
3 2427 909 2094
3 8752 3913 6259
3 1315 1554 5895
3 1599 1632 3524
3 5364 947 6354
3 2933 1382 2270
3 1900 4088 8097
3 9421 4984 4173
3 1248 656 8079
4 6257 6351 4678 7943
4 1969 3273 9005 906
4 1256 8948 7315 4755
4 8479 3506 3488 6803
4 3878 6760 3219 2743
4 9615 5029 5987 1041
4 2219 7097 2358 2840
4 2898 996 6471 7247
4 2953 3066 9377 1991
4 6849 7863 2399 8356
4 4735 2097 5679 2195
4 2049 6820 8939 6178
4 2454 2992 9265 9694
4 6902 9060 7363 33
4 2027 9594 9459 3807
4 6678 9507 5280 3060
4 8219 7104 1028 2640
4 5915 1609 8658 7089
4 5103 2202 7381 8905
4 5368 5850 6785 5422
4 4779 9489 5994 8704
4 9756 8094 5176 3291
4 3511 9583 7106 6653
4 1288 8126 6774 7124
4 6516 738 1782 8003
4 5642 4079 5209 3310
4 6464 5737 485 3629
4 1176 1521 7634 5405
4 429 3721 9487 8702
4 6461 7244 3609 7002
4 1804 88 6687 3870
4 4843 1076 1166 3628
4 2301 9921 4524 8475
4 3326 531 6966 4701
4 6870 1707 2738 2388
4 8587 4413 4870 2991
4 5926 9192 1946 6457
4 5786 4482 2326 9173
4 5628 4669 2709 6048
4 8406 7222 6054 4691
4 3302 4153 960 6147
4 7179 3551 6254 3858
4 2585 6857 6117 3936
4 5607 1893 7403 8398
4 4551 6579 6454 7176
4 9482 2679 1177 355
4 7376 96 9903 7927
4 5110 8377 1027 4638
4 1976 3433 8142 8509
4 3189 1077 7784 4091
4 9957 4358 2419 7067
4 661 1732 227 6517
4 9524 3343 7190 6890
4 1825 6323 8556 2174
4 755 8324 6410 1247
4 8682 2363 282 2114
4 7239 6143 4261 2954
4 1211 920 1631 1580
4 5166 2907 6301 1675
4 5696 3372 4243 7946
4 1606 1078 3607 9363
4 5216 705 2082 598
4 5808 4202 1471 3973
4 2637 4258 1894 4816
4 8631 4977 4228 2253
4 1023 7961 3540 5139
4 2080 7613 4497 5078
4 4384 7543 2043 8697
4 4906 2814 5871 808
4 2707 2302 4236 2787
4 2434 4533 6570 6651
4 7743 9875 2893 7301
4 6618 6819 5982 7485
4 533 2023 741 8876
4 4209 7851 9819 3561
4 5493 3656 5247 3418
4 2502 2345 8648 4064
4 3618 5959 1373 4599
4 3753 7469 4220 2535
4 701 2430 3178 7093
4 1557 1234 5901 301
4 6883 8969 61 1670
4 6955 8011 2 8089
4 830 4352 7269 2663
4 3089 7211 5061 2533
4 2519 7109 1625 5082
4 9566 2557 4867 6816
4 7702 9136 5944 2352
4 1193 6485 7726 9914
4 5503 8222 802 8209
4 7476 4808 3803 7290
4 5807 1776 9714 7323
4 5372 3862 4631 9657
4 6296 6947 7595 14
4 8082 6611 7388 8345
4 9527 801 4200 1116
4 7177 9420 7324 6404
4 8768 7962 434 7958
4 3842 7754 2690 7111
4 9006 715 3234 4646
4 6113 6719 9777 1436
4 2541 8992 6085 9678
4 6295 9809 5033 7498
4 6584 7334 220 6294
4 9848 7335 6009 4896
4 6394 328 8873 6157
4 3853 9428 4036 2788
4 4346 7786 3549 513
4 7683 8886 9202 5562
4 1646 7425 7568 7339
4 3002 3184 9327 3596
4 7321 3377 5954 3715
4 371 3342 2494 17
4 7793 8182 9578 9658
4 1449 8423 980 7509
4 353 8396 9950 6616
4 3636 5993 4608 937
4 3170 1536 6757 6322
4 6290 1992 183 9870
4 3280 3848 1196 3232
4 4798 6957 3978 3934
4 245 9508 8594 1608
4 9089 2729 4709 3409
4 9782 6184 1532 5263
4 7782 6271 4383 5219
4 9838 5097 1135 1020
4 1664 5568 6569 8824
4 5270 9806 6371 6488
4 9424 2078 1422 8310
4 9671 2901 6802 7838
4 6196 2713 329 8092
4 9216 4158 6234 5470
4 2081 706 2032 2530
4 2911 4597 3246 187
4 5390 127 8232 2002
4 9816 3532 3137 7438
4 7660 5457 2731 3762
4 6440 6903 1582 9313
4 7788 1950 6812 8179
4 5909 568 6374 7113
4 2134 7306 9643 1630
4 1578 6121 8851 3045
4 9098 9020 177 6150
4 3547 7803 7792 3399
4 5882 595 9287 8326
4 5595 3350 1533 8970
4 4432 2571 9043 9639
4 8605 3926 6739 265
4 2538 8012 9128 4842
4 7721 1372 5515 9076
4 1838 9794 3581 5843
4 2708 4367 8664 1964
4 9621 7434 9314 1383
4 5449 5585 341 2624
4 8941 5311 4407 5475
4 1355 6784 4520 9453
4 8127 8427 2205 8060
4 5707 6779 781 12
4 6298 47 9302 8667
4 4699 6073 3867 5344
4 5273 6140 2429 5715
4 9919 7850 6225 6787
4 6915 8800 1795 8792
4 2448 9155 8400 3191
4 16 9912 2832 2823
4 2498 2379 8330 9394
4 7593 9476 8885 8692
4 229 4231 2930 1570
4 7666 7397 9668 9463
4 3282 7752 7101 6078
4 2604 611 3042 7322
4 9752 9452 2016 4489
4 8984 359 6325 5605
4 4026 5939 1938 6126
4 2307 2294 9743 5798
4 4609 4312 1567 6165
4 7379 1934 5342 9237
4 1379 201 287 3097
4 4037 1386 6238 7829
4 1025 3462 6917 2087
4 7791 2170 2927 9064
4 3258 7071 1308 5834
4 8361 7517 5412 7174
4 5283 6863 3559 5065
4 5227 2130 5308 1299
4 8837 3846 762 4146
4 2258 2524 6389 2367
4 168 7551 8216 1741
4 7753 5548 7659 311
4 3410 8526 8043 5964
4 3772 6361 6017 108
4 3537 9013 3352 2673
4 6015 1191 8313 4757
4 7774 7158 9815 160
4 3886 8393 9958 3764
4 9920 5904 5864 4463
4 5305 9661 360 8912
4 8966 5317 8199 76
4 4586 431 2680 8651
4 1860 5434 39 5375
4 8910 4486 6198 1867
4 5400 5751 3727 2124
4 9826 2084 6349 681
4 7913 3389 3158 5981
4 4540 173 6574 6260
4 8064 3938 979 5830
4 731 8991 5115 5508
4 9150 6514 125 8510
4 7870 1345 9833 7678
4 6443 8167 333 555
4 2552 8122 9866 2495
4 7937 4224 6280 4920
4 9087 9400 7856 7906
4 1314 6399 6425 1152
4 8023 8208 2411 7617
4 9079 9483 1789 1748
4 6566 9506 4841 3805
4 7987 3383 9181 633
4 8035 7103 5609 575
4 4718 8172 7512 8280
4 9190 396 5185 3188
4 6472 2333 8254 3018
4 7986 4873 4322 9331
4 9399 5680 6013 273
4 991 4792 278 2990
4 8521 3914 7411 4027
4 1980 8025 4803 7209
4 5841 9200 8827 5071
4 4143 5638 4516 6811
4 9036 9166 1121 3457
4 7270 6106 9367 1759
4 4604 5819 9729 831
4 4068 5246 7020 2267
4 9579 1183 106 3290
4 5827 5567 1783 2453
4 8810 2306 337 1816
4 2382 7465 1294 1108
4 4507 4668 1370 5228
4 6194 1765 6412 5028
4 1611 5537 2660 222
4 3657 7368 1003 2821
4 6740 8676 8679 8394
4 9446 9600 924 7553
4 5436 2559 2702 6731
4 964 5102 4720 1919
4 8196 8911 6593 7601
4 8578 7778 9961 2179
4 8042 7977 7266 8281
4 4946 8090 9409 940
4 739 3070 3349 3375
4 6660 6835 1683 1998
4 2844 8815 7732 9675
4 4802 3830 564 8203
4 7565 8206 9301 7424
4 3312 6171 9980 7348
4 6729 3183 7232 6610
4 3711 5865 2739 3602
4 5318 4349 6609 5222
4 2392 5746 7284 4329
4 4341 4561 5739 8018
4 9550 7572 8255 2778
4 3308 4040 498 1874
4 6405 1652 2286 6848
4 2565 8372 8336 6366
4 806 3010 4878 4924
4 2721 8496 8567 6670
4 5941 3528 8877 1601
4 9318 6920 1446 2436
4 6685 2257 3272 6852
4 9010 3420 5352 9554
4 7705 7783 8899 4711
4 7139 1797 7691 9346
4 2777 5193 2733 5043
4 843 4581 2446 7408
4 3129 4689 1439 5047
4 1743 8320 2864 4464
4 364 6721 7945 90
4 3861 8341 3465 5745
4 5107 672 3604 7507
4 2480 9959 2724 678
4 3910 9975 4811 6320
4 824 6109 8894 452
4 7461 6288 5972 8465
4 3839 7872 771 1194
4 6910 4702 5253 4111
4 2815 8508 9140 7641
4 8721 9268 8592 5553
4 8369 60 9632 7251
4 1215 3548 9638 9375
4 5512 4458 3119 95
4 2268 1866 4510 2376
4 3424 6615 6367 7592
4 7998 1879 3725 1459
4 6929 1793 3139 1925
4 4577 982 8055 841
4 5957 7650 8670 3215
4 1720 883 4746 6978
4 2232 4529 2813 3580
4 922 3662 680 4613
4 3745 9186 1352 2509
4 1148 6328 2412 562
4 9530 4967 9132 3294
4 3197 9762 7645 7708
4 6617 1407 4044 6900
4 1856 4109 4693 6791
4 7133 6255 6743 8217
4 2189 1749 8552 7300
4 6276 5883 9390 7451
4 8498 2993 895 5611
4 2688 9195 7891 2288
4 976 8798 4277 6407
4 953 2057 9266 4093
4 6582 600 6049 413
4 9541 6873 4438 5326
4 4958 654 985 268
4 3783 8279 657 418
4 8309 9934 6156 5264
4 1523 6996 5526 4082
4 8246 237 9100 3574
4 6460 3552 5643 8144
4 3487 9357 469 2226
4 4348 6668 4095 8814
4 1032 5419 4864 3006
4 2457 7281 7275 4245
4 2770 2362 6422 5908
4 7068 267 1704 49
4 8925 605 84 6127
4 9242 9836 5641 3401
4 6801 2735 4978 8753
4 4606 933 2491 8494
4 6546 2881 3864 9256
4 4559 5711 9182 3466
4 8106 3167 1735 9805
4 9593 2776 6809 5384
4 6474 7594 4872 3591
4 5839 9157 8329 8371
4 2255 7062 9031 6445
4 581 3945 703 3426
4 3538 9231 584 623
4 928 6237 1819 5763
4 1244 779 2274 9918
4 3039 9106 890 3323
4 1961 4925 4700 2635
4 2221 4573 1064 3558
4 718 3782 9552 494
4 4057 563 4739 6557
4 5881 7058 8257 4476
4 6810 5358 4506 7810
4 2421 8327 3802 3731
4 6362 3757 3557 2599
4 3378 4307 6747 4094
4 9717 3554 2960 27
4 9565 1292 3713 6501
4 3267 2237 1162 1915
4 6748 673 1110 2146
4 2674 5874 3625 7980
4 4385 2111 3895 646
4 6369 6572 1229 4379
4 7272 7577 1539 1941
4 3216 7911 6952 9325
4 79 7525 1745 882
4 9057 5962 6726 8315
4 320 5698 1154 2553
4 2109 2926 3225 9879
4 3911 5397 6814 6528
4 5394 4556 8458 640
4 8634 4833 7799 2298
4 1233 5604 9582 8581
4 1972 693 2972 9142
4 1588 2110 2839 5040
4 4560 1577 6626 8993
4 6215 8352 6918 4909
4 6705 470 5845 9505
4 9832 7116 3218 5849
4 1401 126 5293 8685
4 4982 8622 637 244
4 218 5260 6813 8168
4 8849 7253 1906 7256
4 8564 1891 5814 862
4 3236 1516 1000 2547
4 4038 6364 30 3589
4 1882 8145 2479 9355
4 4300 1852 3126 1053
4 6924 3833 8275 7757
4 3513 5570 7559 7966
4 9820 3072 2390 2203
4 3974 6356 8774 969
4 5933 9470 7979 45
4 9650 2486 5423 9388
4 5117 322 3152 6308
4 4683 4085 2622 9509
4 3122 9481 4535 4471
4 9045 348 8238 9397
4 150 5172 6089 8928
4 5774 6877 4457 4758
4 6815 5015 6142 5795
4 7292 3235 5950 6036
4 2344 8522 9008 7086
4 2347 610 8944 5775
4 3356 4003 4902 6094
4 9201 2262 7029 6706
4 1298 4084 2245 6426
4 2636 4760 5965 8856
4 2633 4985 5936 3712
4 7779 454 5677 5776
4 9369 7689 9025 6993
4 2580 5613 3307 3293
4 629 5006 9852 2958
4 7586 3893 9712 6861
4 5012 4919 5968 4105
4 7585 2871 1195 82
4 9009 4915 4501 2418
4 7504 2168 6773 506
4 5794 4753 1556 9889
4 4001 5789 330 6230
4 7506 4319 2870 971
4 1517 6515 8181 3110
4 3617 1460 2264 7830
4 5421 2874 1212 9118
4 1809 4786 6470 7730
4 4775 885 3951 8166
4 242 9444 7267 8061
4 1276 1063 157 4364
4 7164 2626 1306 8304
4 8220 196 8153 7574
4 1002 5382 832 7489
4 460 8590 4298 9531
4 9610 4655 7510 8724
4 9932 9342 3663 4039
4 354 5558 309 56
4 571 4108 7761 9468
4 8105 2802 4846 3289
4 5165 6558 5754 369
4 6441 1827 3333 9785
4 9592 1210 1312 6350
4 9711 2404 530 4441
4 8809 9066 3909 5104
4 871 7273 9376 4285
4 3523 556 1022 8169
4 7903 1696 3133 5435
4 3597 5120 73 5654
4 6970 5647 729 5804
4 1862 7165 1836 765
4 2995 1993 9434 9209
4 97 6871 8563 6732
4 226 6510 4018 2055
4 6666 5276 5334 5686
4 9655 6805 9281 7692
4 5060 8125 5598 7500
4 1975 2583 5070 9343
4 5281 7019 6782 601
4 288 5406 2900 7995
4 1178 6788 6897 8461
4 9270 1666 7549 9398
4 3588 6318 5863 8714
4 1495 1829 3510 8256
4 6650 2957 2858 9386
4 8005 7649 679 3873
4 5842 2544 2757 9211
4 7895 6605 5894 5118
4 5778 1484 5518 1656
4 3590 451 949 4960
4 6227 4469 3583 820
4 6091 6686 2516 5528
4 8549 6646 916 3546
4 2116 2542 6628 4320
4 140 5349 8014 7677
4 2447 1854 1929 9092
4 7375 8738 1444 5199
4 1839 2699 9885 8419
4 1157 9788 1649 5192
4 7440 7554 6480 621
4 7680 1815 7160 3265
4 1086 4167 9196 1083
4 5461 6895 5198 4756
4 8 2924 3059 9067
4 4576 3132 5339 407
4 4033 6887 8930 3026
4 505 5942 5072 4019
4 9786 8136 8507 6053
4 5288 2762 5536 1811
4 3499 3655 8474 9279
4 4252 1522 3553 2549
4 9464 3027 224 6206
4 4179 3869 4404 5249
4 5955 2158 3481 6201
4 3961 7942 442 342
4 3397 7557 5777 7673
4 2040 7081 5275 1775
4 2104 1241 3797 515
4 5916 6921 8435 1046
4 2275 6039 6690 2235
4 5752 7589 3718 5713
4 6762 2346 2703 3373
4 4812 349 2556 8009
4 6310 2928 5618 148
4 7631 751 3164 1890
4 7200 6637 8711 3398
4 1643 2142 4636 2340
4 2416 5513 9656 3127
4 696 1420 5971 6541
4 2732 9304 304 9911
4 2506 8386 3866 1711
4 1690 4908 9178 4123
4 3672 200 8614 9193
4 1170 2772 2290 4620
4 9946 9122 4119 3270
4 2214 7076 8414 3963
4 2045 2176 5010 1710
4 477 75 1746 5265
4 4454 3318 8994 2038
4 4557 527 5050 9730
4 6612 2751 7625 9437
4 6046 6111 4373 5001
4 6983 9601 1406 1892
4 4651 7849 8084 5712
4 6741 7750 7182 3651
4 6377 4936 787 8415
4 7497 9663 8053 361
4 7919 9865 1863 9846
4 9007 1437 3376 5212
4 9411 1105 7422 1384
4 1600 8999 3217 5425
4 4810 2329 5403 5924
4 1354 826 6267 1718
4 5564 5911 7331 5547
4 444 1197 5151 6568
4 1525 2068 8102 9955
4 3960 750 7141 5220
4 1496 4425 9249 6975
4 2077 6081 5708 5306
4 3088 326 6761 7920
4 572 7922 1784 6336
4 4615 4616 3639 6755
4 1038 8432 4412 9440
4 3778 2827 8530 2196
4 2467 6797 366 668
4 5649 2983 1106 1581
4 2386 7861 2095 1103
4 5106 4937 8576 5009
4 8223 3315 7556 9365
4 2259 873 8174 2569
4 6512 4375 9821 2988
4 4264 433 9227 6092
4 8420 264 2397 1519
4 3751 9253 3743 5675
4 256 6057 4430 6866
4 2820 2487 3742 9054
4 6188 6985 1270 4362
4 8923 3125 2579 840
4 3576 7965 3829 5875
4 7238 5640 583 3787
4 1226 3659 1322 8180
4 4705 6479 5743 2305
4 3694 4194 5472 4897
4 4913 7896 905 3346
4 3347 8755 6908 4880
4 684 4416 4347 5366
4 8975 1492 7142 9871
4 5007 1956 6720 9723
4 2750 8681 6072 6138
4 9909 4955 3519 3720
4 7038 3603 4418 4017
4 5479 8358 9749 6495
4 2008 8456 7696 6840
4 1973 8260 7575 9449
4 2181 9746 1612 3161
4 4634 4938 4877 6042
4 2451 6736 5499 9138
4 7170 4114 6403 2879
4 3680 923 3611 8875
4 6372 3509 3108 4665
4 7346 6158 4024 4820
4 2271 919 1482 107
4 5030 648 9145 935
4 9425 5664 7039 2037
4 3157 9685 2570 9245
4 9772 9427 7184 4813
4 1129 4957 6229 5291
4 8158 3329 2431 1939
4 9295 8952 9496 9354
4 6696 3579 8568 2378
4 1189 4993 1841 2681
4 8487 8897 574 3679
4 3746 285 8480 2884
